fd	mg
0.08680988358193087	2.085453677918304
-0.4432612298124077	3.4779551414603693
-0.15096481850173382	2.124236189624158
0.6895522646398073	4.290571130257149
-0.9905622876180549	4.234662398047095
-0.7568617584337716	0.35099556954344413
0.34149816945355727	1.5087620674207425
0.6517055102100953	4.898118405150851
-0.726586820630094	0.17813498276517403
0.1501866588545	2.4619632349929104
0.782643908624528	4.7618842650677315
-0.5815957557656208	4.052868792647356
-0.6293435608998499	1.471652206481856
-0.7832462190714897	2.9811675925917056
-0.5606050147500157	2.1558892614986496
0.9572475694147393	2.9619875149449317
0.6233662981786465	4.468760523601031
-0.6561179745348116	2.7701059488585313
0.6324494974516799	2.464332536726369
-0.45185250591660164	1.5963522859475061
-0.13659163267375662	1.3168289152536201
0.8800596392447493	2.711403067678979
0.6352987575534548	0.41132261966011996
-0.32777609975820265	3.1781835491269925
-0.6491790925153267	3.982026125931039
-0.25433590742015366	4.7737375271540445
-0.9886229852948532	3.4231213584635647
-0.49514729311031913	2.441465834025496
0.5913250169465747	2.427071550921837
-0.969490057507322	4.833464602914839
0.19768675385698575	1.056739437485608
0.20760907808570717	2.058240690889165
-0.7897046291758874	4.948327883896416
-0.2361131101137799	0.14205928356625874
-0.9270478868148622	3.5066325704675805
0.7808231268841515	0.1258578194240595
0.9618417140246229	1.604408630432681
-0.8801160223639255	0.3676353093278706
0.7810918894570082	0.30442282173317736
0.15380299880006576	0.557031583520266
0.4849593781959547	0.8463445407271547
0.26036787295075214	3.1384313975052702
0.16368438479755576	2.1919654731992164
-0.9591217359461537	4.154518823019874
-0.5799468446542788	1.198960947822361
0.08936975635729505	0.9502635395986853
0.5382303422113033	3.5594982929145784
-0.49860954172320815	4.291474626633888
-0.4282086191862706	2.7952794279800974
0.7047901756826127	3.5221020414442856
0.9500129872131751	3.0255601775908953
0.7697065869822111	2.7960864163402004
-0.28098431212619546	4.301970954537934
0.19771789175149435	4.598776795750349
-0.29040877668540044	4.248036628794907
-0.3196195692587085	1.2723326774722725
-0.6438380209883903	4.387777711433855
-0.5246115827518991	2.1756509504611286
-0.9102754350784494	3.6474717198225397
0.010862859271578484	2.0632038376939716
-0.24749509140527404	0.9541802290561124
0.18561080195177326	3.530097599780811
0.25988375117499474	1.2031641046492647
-0.714799371107433	4.256622134164977
0.8676825989328381	4.120511446292934
0.8927597616182026	2.6260589330698525
0.2045933154617312	1.9317039715308422
-0.22446743934673852	2.954403953674624
-0.27362399178130037	0.6876180745391286
-0.5913094462627115	4.041352039458042
-0.44646987720732967	4.829129076222425
-0.5069282375929007	3.898979021164674
-0.6527839965195898	1.1966754104790989
0.9332193889746472	4.336302065542153
0.9140252007055962	4.040575064468502
0.19594736865784146	0.3184056211023423
0.4626015061198452	1.156141520244015
-0.3192295543251278	2.948427243517634
-0.8158887932455228	0.6874347398888708
-0.07300396212570459	3.392203521857429
0.0173977864763879	4.960953447576236
-0.8230796539942185	1.4287599240778586
0.05607044663609484	3.80456379779425
0.9843160730210565	0.23263583833069312
-0.2099281364835408	1.6626795326110333
-0.32880711656286343	4.722763955135287
0.6109010746585595	3.182585206273893
0.5086979891647072	3.0092430306594626
-0.37386711682298057	4.640923407318232
0.2680733659245502	0.9083970539830671
0.08080915060143279	0.08911592013260528
-0.4064124982399706	0.9503608806708624
-0.7784241976351085	2.6093589891229483
-0.3747194042485138	2.4791099295183523
-0.08604173990146835	4.002456027845763
0.3178801404523939	4.2971815572245555
-0.4914849643645638	1.064780161201725
0.28220251740140334	2.186344207238318
-0.5997527855631937	2.108087545312948
0.31524961105796745	0.273586885409709
0.556578430899697	0.049668468354914785
0.5591967972214993	3.948828396680033
0.22065630641878764	1.3765660939744917
-0.38199930295119566	3.588700022716682
0.39546981502591194	2.106779608782779
0.7192365914581302	0.7166793608449978
0.2506475155136152	0.9626084012598968
0.9648156592190993	1.5690761665881765
0.9530002540317106	4.025850836836486
-0.6666117376022838	0.06312915178739997
-0.9536437270431928	0.2455298634877795
-0.6785109029858367	2.8300019249254675
0.8469936505181748	3.43405348077198
0.9070996997590679	3.634054525258534
-0.5780431625631073	2.398468806508385
-0.27894949837078364	1.8382836088926424
0.09875052325534428	4.199850496008757
-0.4563383016460558	2.2708177622550267
-0.07879675785029971	1.6068291939109935
0.39232312964677063	0.46359933585520763
0.0007117933497300388	0.30218966067792785
0.4321419811286722	0.4547558360043741
0.05191187245955797	3.4135322821415355
-0.9972019537619123	3.4036788361531882
-0.21059942662032904	1.2158708294371268
-0.015666060197700116	3.202307210780149
-0.19423933724171571	0.34569591555775714
-0.29140339978735885	4.364599808731326
0.001228638885906408	0.5480347491625637
-0.10964674233772342	0.8452788255971727
-0.8191344236071283	2.3368899572267376
-0.4528741599451187	3.879746097016863
0.8869541954854538	4.272222578525283
-0.9469107173321161	1.0519322238357938
-0.9200026207186984	0.3832093463445152
-0.4337192805603609	3.94457398551609
0.16468834043353775	2.7375000057465106
0.9817856058496541	3.9312743140770623
0.9852844748059362	4.600235214293552
0.9862347449620896	2.4048638296394054
-0.7799033380668741	2.29776835005092
0.3289628919278802	2.994895777404766
0.047973668976625694	2.9965939036214224
-0.653700180382538	2.521867256168788
0.8859204898300514	1.5343926487172532
-0.5162798280474954	2.7067649017455633
0.9978645376864239	4.624634717013958
0.16538763029979742	4.852754010151094
-0.6334419987388484	1.9789730494849822
-0.2263091561644195	3.9937263627766955
-0.6206529421757008	3.1754407387546326
-0.17845865394938	1.1498458262451656
0.18936013780341088	0.25603546431468616
0.43317218625667975	0.142319030856759
-0.026217035261753008	0.614238759518847
-0.38082036446659084	1.101062589168193
0.1548827456556947	4.145113768504114
-0.11658436086251411	1.4274591385001973
-0.28064379479892754	3.9053204131554575
-0.3573361359823728	2.5233290629833953
-0.5835855196079547	0.6922446188829234
-0.09748275187633126	3.8901827616698896
-0.016314179471892176	4.606658967604213
0.7981526295874224	4.715093160180957
0.4587209220588824	3.522178986319717
0.540179545839391	3.469582227379544
-0.24912150487602358	2.7327590668374753
-0.3125209295292313	1.8460861486894153
0.3100704119986448	4.912337873634965
0.4220759864209951	0.328046127137524
-0.7729248495626475	4.4883915537113275
-0.7339426212528499	1.3196549454743534
-0.08792188478775209	2.8723792101166925
-0.6805275396829797	2.5643313404689385
0.9232838075492915	2.77238404035967
0.6752314897236196	3.2358366591419956
0.04032137407584657	0.9273707952724025
-0.5634554845436912	1.3598910215451077
-0.7301625549352024	0.7421932887139177
0.9581406909677377	0.15152085297202522
0.4140869913782863	4.696277920760696
0.7199511138913262	1.7337706508810196
-0.22565474434272192	0.5478230215280488
-0.49833196033655036	1.8916349783073505
-0.40112396211059553	1.9203972952070707
0.7137910568100314	3.3271184395973066
-0.05403201886355791	1.2224546465307984
0.32655409403225644	3.3074048688684248
0.6114572148735704	0.4924644189593108
-0.4940389907005518	2.904313738334258
-0.8408531220593503	0.5343275233427536
0.4655212100314303	2.7412725373199374
0.922794955007211	2.5987585385560363
0.9076094683353255	1.481170589328788
-0.01900189623220072	2.2786452549904923
0.2643841288655102	0.1933326006478342
0.4659900396759846	2.9950151244425043
0.8048190064959324	0.0024337973762994514
-0.6755061625035998	2.509067968427656
-0.1882373552648775	2.5086306084580716
