fd	mg
-0.250919762305275	0.3093716065077978
0.9014286128198323	2.7076587200387
0.4639878836228102	1.5157571173435715
0.1973169683940732	2.4793723983232248
-0.687962719115127	0.9601488030918353
-0.6880109593275947	2.6865696854886014
-0.8838327756636011	1.1676050362024895
0.7323522915498704	0.03251295444089508
0.2022300234864176	2.7161459292577907
0.416145155592091	0.2738600303584007
-0.9588310114083951	0.9579409127712446
0.9398197043239886	2.8501859011524147
0.6648852816008435	2.8518214408126683
-0.5753217786434477	1.7203136643698582
-0.6363500655857988	1.8955116365093978
-0.6331909802931324	1.3453365659349594
-0.39151551408092455	0.8796323150941936
0.04951286326447568	0.9859936361097479
-0.13610996271576847	2.017555368231115
-0.4175417196039162	2.25712358831304
0.22370578944475894	2.374737131177546
-0.7210122786959163	2.3688544283836617
-0.4157107029295637	0.2736183091460711
-0.2672763134126166	1.4832609141077444
-0.08786003156592814	0.17267628004993285
0.5703519227860272	1.6485866469712067
-0.6006524356832805	1.324591504120131
0.02846887682722321	2.663112548274899
0.18482913772408494	1.0527450376562362
-0.9070991745600046	0.3512010492828176
0.21508970380287673	0.42897504615850757
-0.6589517526254169	2.2845318951524165
-0.869896814029441	1.8546541899487832
0.8977710745066665	0.30336802836837073
0.9312640661491187	0.2523204183449923
0.6167946962329223	2.10290739437736
-0.39077246165325863	0.21828901909258058
-0.8046557719872323	2.4655801778710686
0.3684660530243138	2.1187266814694885
-0.1196950125207974	0.2440463419256993
-0.7559235303104423	0.25451314225557575
-0.00964617977745963	2.9599187355035266
-0.9312229577695632	1.122812387268361
0.8186408041575641	1.1119264412006729
-0.48244003679996617	2.438398701772508
0.32504456870796394	2.841745732151576
-0.3765778478211781	2.9580031914686127
0.040136042355621626	2.260134555776825
0.0934205586865593	1.1287787565927472
-0.6302910889489459	0.2505021500960063
0.9391692555291171	2.3314407477823105
0.5502656467222291	1.6752127492074151
0.8789978831283782	1.2726660277409287
0.7896547008552977	2.719063155284208
0.19579995762217028	0.333592446918454
0.8437484700462337	1.4778753128725775
-0.823014995896161	0.034060934302257206
-0.6080342751617096	1.405981925982379
-0.9095454221789239	0.16890982704551205
-0.3493393384734713	0.35645374880421576
-0.22264542062103598	0.35257874033131464
-0.4573019364522082	1.9476309063481907
0.6574750183038587	2.2381346377962696
-0.28649334661282144	1.750106295291479
-0.4381309806252385	2.8865176454236257
0.08539216631649693	1.124611738571112
-0.7181515500504747	0.8571362588455822
0.6043939615080793	2.6057973845683806
-0.8508987126404584	0.6707875155583579
0.9737738732010346	2.889667618321834
0.5444895385933148	0.036463424069449024
-0.6025686369316552	2.9096364801229173
-0.9889557657527952	0.12947973585172834
0.6309228569096683	2.6734293410942134
0.41371468769523423	1.5831033272588995
0.4580143360819746	2.978894388357901
0.5425406933718915	0.22138969420619659
-0.8519106965318193	1.6615628532039624
-0.2830685429114548	2.9079076068572967
-0.7682618809497406	1.5692935325104465
0.726206851751187	1.8881959144057876
0.24659625365511584	2.0872460669538517
-0.3382039502947016	1.3636231943033197
-0.8728832994279527	1.8826742402521903
-0.3780353565686756	1.7529429357693007
-0.3496333559465059	2.703474031472967
0.45921235667612814	0.1363391410243736
0.27511494271042625	0.842889568776691
0.7744254851526531	2.851234452229676
-0.05557014967610141	2.670791351672749
-0.7608115081233966	1.3669702583571388
0.42648957444599	1.8603977934046103
0.5215700972337949	0.832143548943398
0.12255439513899247	0.5643634791712839
0.541934359909122	1.3910952148199465
-0.012408807271218514	1.0600566840781585
0.045465658763988115	1.7509683355526162
-0.14491796328290074	0.2332039108949545
-0.9491617465118096	2.9231844229984993
-0.7842171460133911	2.9586322334388084
-0.9371416286265315	2.094485142059235
0.2728208225275608	1.608289099032361
-0.37128803784734665	0.9285828488589832
0.01714138232940554	2.441385059120846
0.815132947852186	2.0541935176616377
-0.5014155417022501	0.4878508180346739
-0.17923415392874054	2.7327815534815274
0.5111022770860973	2.4676117287695067
-0.5424036690167551	2.849399739875772
-0.846040180342414	2.17715852516508
-0.42049709417246395	1.8402455878073696
-0.6775574254919912	1.2547291088718566
0.8593953046851461	2.79818545006204
0.6162407591288339	2.598191668501225
0.26680751302084693	0.13565601031856822
0.7429211803754354	0.07910092349175601
0.6073441537982289	1.129390100634149
-0.6268598822279283	2.431659992345499
0.7851179969799555	2.9618283879448333
0.07868448383130144	0.45125067331058455
0.6148803103281251	1.7823921460564054
0.7921825998469865	1.1426725698930644
-0.36399305005627225	2.9097431934438096
-0.7798961509446465	2.5263567694071263
-0.5441296749161166	2.5149861141334133
-0.14578442274748737	1.406079479384911
0.6360295318449862	1.2444585070129954
0.7214611665126869	0.8202212157921187
-0.9860957389376186	0.16912648995278134
0.021494605155131463	2.5941671287651595
-0.16517799370244202	2.4387030273902326
-0.5557843790585395	2.999153019858392
-0.7602692653326344	2.989910511221716
-0.3247696571927441	1.6662951168078823
0.8858194078250383	2.3069622455415315
-0.35359413595848954	2.834297189647284
0.037581243486732197	2.5489421720322345
0.4060379177903557	0.742044305229593
-0.27274079524141204	1.3516324059302804
0.9435641654419213	0.38747824545448495
0.9248945898842225	2.8621530817761673
-0.4964354083492717	1.8185239033526401
-0.005502988215229099	0.6859284165103882
-0.3982433803664607	2.01510205321757
-0.4303190112450648	1.8543847213736875
-0.9262261052909344	1.0744881540985216
0.2191286679597937	0.34067277659888706
0.005358046457722976	2.0147195867783987
-0.8970424975000213	1.56092310271138
-0.44270707152677713	2.316955175206918
0.8165317719333074	1.5604905033359802
-0.5208762186660552	2.5565445009556202
-0.7102102558175538	1.6557205163234565
-0.02109447944487397	1.6828139146061587
0.9713009082212014	2.629960807975035
-0.5158894569769992	1.2104485986371911
0.3442710948117571	0.4020456853519222
0.5232392306574352	0.08634802894001692
-0.5247249120152007	2.265411767020857
0.45643269722371915	1.860928654060394
-0.26443373456149355	2.112239304297671
0.26461166118715895	0.6388924845267322
0.2670594215217894	0.4091144267603093
0.07154936814951696	0.043633997003645786
-0.8194204598911834	1.051762676419791
0.6706049911784759	1.7697530605638994
-0.35843987005652833	1.176732135299197
-0.6269629792002915	1.3124247660711872
-0.9184497168904722	2.712476083481245
0.18178588637648363	1.044766401069901
0.35512872368456483	1.5419684674794323
-0.9668243421442877	2.3509590382234293
0.024186116598561958	1.1896283469638105
-0.5470084496041241	1.8662601006836206
0.2903455808188997	2.5870911262402356
-0.6512671419900171	2.8485618709729263
0.3818754762049319	0.4412204427871138
-0.22652930739892518	2.779762875484483
0.873459977473469	1.4763488792386146
-0.7249581117080135	0.774733164896875
-0.317867297899483	1.377407268714784
-0.7730529575188219	2.940097725856431
0.8493872365571256	1.4778542819786087
0.754678706761962	0.9862548308625246
-0.4841167445696888	1.9002025629501773
0.3199680920683581	0.7204368563345792
0.6344444004024317	0.22758998432599176
0.11040162319892466	0.3866391657319477
0.05930115671201297	0.3841375168733173
-0.5162954181990966	0.45570808053688305
-0.8137944643882016	0.4164815179482304
0.7944315159066535	1.9226242344096438
0.8008361143266609	0.5456402531974345
0.2662029145465359	1.0370018499715896
-0.32194041790259864	2.6903652297180356
-0.3015808507746782	1.421884920788617
0.45191135774047875	2.0026732155630818
0.7942205199051542	0.5169596136048895
0.7741728485302346	0.5768670564260123
0.5597510917152477	0.12260584879943659
